368 464 8 16 5 28 1
368 448 7 16 5 28 1
368 432 8 16 5 28 1
368 416 8 16 5 28 1
368 400 16 16 5 28 0
368 384 16 16 5 28 0
368 368 8 16 5 28 1
368 352 8 16 5 28 1
368 336 8 16 5 28 1
368 320 8 16 5 28 1
384 320 16 16 5 28 0
400 320 16 16 5 28 0
416 320 16 16 5 28 0
432 320 16 16 5 28 0
448 320 16 16 5 28 0
448 336 16 16 5 28 0
448 352 16 16 5 28 0
448 368 16 16 5 28 0
448 384 16 16 5 28 0
448 400 16 16 5 28 0
448 416 16 16 5 28 0
448 432 16 16 5 28 0
448 448 16 16 5 28 0
448 464 16 16 5 28 0
432 464 16 16 5 28 0
416 464 16 16 5 28 0
400 464 16 16 5 28 0
384 464 16 16 5 28 0
384 448 16 16 5 28 0
400 448 16 16 5 28 0
416 448 16 16 5 28 0
432 448 16 16 5 28 0
432 432 16 16 5 28 0
416 432 16 16 5 28 0
400 432 16 16 5 28 0
384 432 16 16 5 28 0
384 416 16 16 5 28 0
400 416 16 16 5 28 0
416 416 16 16 5 28 0
432 416 16 16 5 28 0
432 400 16 16 5 28 0
416 400 16 16 5 28 0
400 400 16 16 5 28 0
384 400 16 16 5 28 0
384 384 16 16 5 28 0
400 384 16 16 5 28 0
416 384 16 16 5 28 0
432 368 16 16 5 28 0
432 352 16 16 5 28 0
416 352 16 16 5 28 0
400 352 16 16 5 28 0
384 352 16 16 5 28 0
384 368 16 16 5 28 0
400 368 16 16 5 28 0
416 368 16 16 5 28 0
432 384 16 16 5 28 0
432 336 16 16 5 28 0
416 336 16 16 5 28 0
400 336 16 16 5 28 0
384 336 16 16 5 28 0
352 320 16 8 22 9 1
336 320 16 8 22 9 1
304 320 16 8 22 9 1
320 320 16 8 22 9 1
288 320 16 8 22 9 1
256 320 16 8 22 9 1
240 320 16 8 22 9 1
224 320 16 8 22 9 1
208 336 8 16 22 9 1
208 384 8 16 22 9 1
208 400 8 16 22 9 1
208 416 8 16 22 9 1
208 432 8 16 22 9 1
208 496 8 16 22 9 1
224 496 16 16 22 9 0
240 496 16 16 22 9 0
256 496 16 16 22 9 0
272 496 16 16 22 9 0
288 496 16 16 22 9 0
304 496 16 16 22 9 1
320 496 16 16 22 9 1
336 496 16 16 22 9 1
352 496 16 16 22 9 1
352 416 16 16 22 9 0
352 400 16 16 22 9 0
352 384 16 16 22 9 0
352 368 16 16 22 9 0
352 352 16 8 22 9 1
352 336 16 16 22 9 1
336 336 16 16 22 9 1
320 336 16 16 22 9 1
304 336 16 16 22 9 1
288 336 16 16 22 9 0
272 336 16 16 22 9 1
224 336 16 16 22 9 1
256 352 16 8 22 9 1
272 352 16 8 22 9 1
288 352 16 16 22 9 0
304 352 16 7 22 9 1
320 352 16 8 22 9 1
336 352 16 8 22 9 1
336 368 16 16 22 9 0
336 384 16 16 22 9 0
336 400 16 16 22 9 0
336 416 16 16 22 9 0
288 480 16 16 22 9 0
272 480 16 16 22 9 0
256 480 16 16 22 9 0
240 480 16 16 22 9 0
224 480 16 16 22 9 0
224 464 16 16 22 9 0
224 448 16 16 22 9 0
224 432 16 16 22 9 0
240 432 16 16 22 9 0
240 416 16 16 22 9 0
240 400 16 16 22 9 0
224 384 16 16 22 9 0
224 368 16 16 22 9 0
224 352 16 8 22 9 1
240 352 16 8 22 9 1
240 368 16 16 22 9 0
240 384 16 16 22 9 0
224 400 16 16 22 9 0
224 416 16 16 22 9 0
320 416 16 16 22 9 0
320 400 16 16 22 9 0
320 384 16 16 22 9 0
320 368 16 16 22 9 0
256 464 16 16 22 9 0
240 464 16 16 22 9 0
240 448 16 16 22 9 0
272 464 16 16 22 9 0
288 464 16 16 22 9 0
464 304 16 16 5 28 0
464 288 16 16 5 28 0
464 272 16 16 5 28 0
464 256 16 8 5 28 1
480 256 16 8 5 28 1
496 256 16 8 5 28 1
512 256 16 8 5 28 1
528 256 16 8 5 28 1
544 256 16 8 5 28 1
560 256 16 8 5 28 1
576 256 16 8 5 28 1
592 256 16 8 5 28 1
608 256 16 8 5 28 1
624 256 16 8 5 28 1
640 256 16 8 5 28 1
480 304 16 16 5 28 0
496 304 16 16 5 28 0
512 304 16 16 5 28 0
528 304 16 16 5 28 0
544 304 16 16 5 28 0
560 304 16 16 5 28 0
576 304 16 16 5 28 0
592 304 16 16 5 28 0
608 304 16 16 5 28 0
624 304 16 16 5 28 0
640 304 16 16 5 28 0
640 288 16 16 5 28 0
640 272 16 16 5 28 0
624 272 16 16 5 28 0
608 272 16 16 5 28 0
592 272 16 16 5 28 0
576 272 16 16 5 28 0
560 272 16 16 5 28 0
544 272 16 16 5 28 0
528 272 16 16 5 28 0
512 272 16 16 5 28 0
496 272 16 16 5 28 0
480 272 16 16 5 28 0
480 288 16 16 5 28 0
496 288 16 16 5 28 0
512 288 16 16 5 28 0
528 288 16 16 5 28 0
544 288 16 16 5 28 0
560 288 16 16 5 28 0
576 288 16 16 5 28 0
592 288 16 16 5 28 0
608 288 16 16 5 28 0
624 288 16 16 5 28 0
656 416 8 16 5 28 1
656 400 8 16 5 28 1
656 384 8 16 5 28 1
656 368 8 16 5 28 1
656 352 7 16 5 28 1
656 336 8 16 5 28 1
656 320 8 16 5 28 1
656 304 16 16 5 28 0
656 288 16 16 5 28 0
656 272 16 16 5 28 0
656 256 16 8 5 28 1
672 256 16 8 5 28 1
688 256 16 8 5 28 1
704 256 16 8 5 28 1
720 256 8 8 5 28 1
736 256 16 16 5 28 0
752 256 16 16 5 28 0
768 256 16 16 5 28 0
784 256 16 16 5 28 0
800 256 16 16 5 28 0
800 272 16 16 5 28 0
800 288 16 16 5 28 0
800 304 16 16 5 28 0
800 320 16 16 5 28 0
800 336 16 16 5 28 0
800 352 16 16 5 28 0
800 368 16 16 5 28 0
800 384 16 16 5 28 0
800 400 16 16 5 28 0
800 416 16 16 5 28 0
784 416 16 16 5 28 0
768 416 16 16 5 28 0
752 416 16 16 5 28 0
736 416 16 16 5 28 0
720 416 16 16 5 28 0
704 416 16 16 5 28 0
688 416 16 16 5 28 0
672 416 16 16 5 28 0
672 272 16 16 5 28 0
688 272 16 16 5 28 0
704 272 16 16 5 28 0
720 272 16 16 5 28 0
736 272 16 16 5 28 0
752 272 16 16 5 28 0
768 272 16 16 5 28 0
784 272 16 16 5 28 0
736 288 16 16 5 28 0
720 288 16 16 5 28 0
704 288 16 16 5 28 0
688 288 16 16 5 28 0
672 288 16 16 5 28 0
672 304 16 16 5 28 0
672 320 16 16 5 28 0
672 336 16 16 5 28 0
672 352 16 16 5 28 0
672 368 16 16 5 28 0
672 384 16 16 5 28 0
672 400 16 16 5 28 0
688 400 16 16 5 28 0
704 400 16 16 5 28 0
720 400 16 16 5 28 0
736 400 16 16 5 28 0
752 400 16 16 5 28 0
768 400 16 16 5 28 0
784 400 16 16 5 28 0
784 384 16 16 5 28 0
784 368 16 16 5 28 0
784 352 16 16 5 28 0
784 336 16 16 5 28 0
784 320 16 16 5 28 0
784 304 16 16 5 28 0
784 288 16 16 5 28 0
768 288 16 16 5 28 0
752 288 16 16 5 28 0
704 304 16 16 5 28 0
688 304 16 16 5 28 0
688 320 16 16 5 28 0
688 336 16 16 5 28 0
688 352 16 16 5 28 0
688 368 16 16 5 28 0
688 384 16 16 5 28 0
704 384 16 16 5 28 0
720 384 16 16 5 28 0
736 384 16 16 5 28 0
752 384 16 16 5 28 0
752 368 16 16 5 28 0
752 352 9 8 5 28 1
752 336 8 16 5 28 1
768 336 16 16 5 28 0
768 320 16 16 5 28 0
768 304 16 16 5 28 0
752 304 16 16 5 28 0
736 304 16 16 5 28 0
720 304 16 16 5 28 0
704 336 16 16 5 28 0
704 352 16 16 5 28 0
704 368 16 16 5 28 0
720 368 16 16 5 28 0
736 368 16 16 5 28 0
736 352 16 8 5 28 1
720 352 16 8 5 28 1
752 320 8 16 5 28 1
704 320 16 16 5 28 0
768 368 16 16 5 28 0
768 384 16 16 5 28 0
768 352 16 16 5 28 0
464 320 16 8 21 5 1
480 320 16 8 21 5 1
496 320 16 7 21 5 1
512 320 16 7 21 5 1
528 320 16 8 21 5 1
544 320 16 8 21 5 1
560 320 16 16 21 5 0
576 320 16 16 21 5 0
592 320 16 7 21 5 1
608 320 16 7 21 5 1
624 320 16 8 21 5 1
640 320 16 9 21 5 1
640 336 16 16 21 5 0
624 336 16 16 21 5 0
608 336 16 16 21 5 0
592 336 16 16 21 5 0
576 336 16 16 21 5 0
560 336 16 16 21 5 0
544 336 16 16 21 5 0
528 336 16 16 21 5 0
512 336 16 16 21 5 0
496 336 16 16 21 5 0
480 336 16 16 21 5 0
464 336 8 16 21 5 1
464 352 8 16 21 5 1
464 368 7 16 21 5 1
464 384 7 16 21 5 1
464 400 9 16 21 5 1
464 416 8 16 21 5 1
464 432 9 16 21 5 1
464 448 7 16 21 5 1
464 464 9 16 21 5 1
496 464 8 16 21 5 1
512 464 16 16 21 5 0
528 464 16 16 21 5 0
544 464 16 16 21 5 0
560 464 16 16 21 5 0
576 464 16 16 21 5 0
592 464 16 16 21 5 0
608 464 16 16 21 5 0
624 464 16 16 21 5 0
640 352 16 16 21 5 0
640 368 16 16 21 5 0
640 384 16 16 21 5 0
640 400 16 16 21 5 0
640 416 16 16 21 5 0
640 432 16 16 21 5 0
640 448 16 16 21 5 0
640 464 16 16 21 5 0
624 432 16 16 21 5 0
624 416 16 16 21 5 0
624 400 16 16 21 5 0
624 384 16 16 21 5 0
624 368 16 16 21 5 0
624 352 16 16 21 5 0
608 352 16 16 21 5 0
592 352 16 16 21 5 0
576 352 16 16 21 5 0
560 352 16 16 21 5 0
544 352 16 16 21 5 0
528 352 16 16 21 5 0
496 352 8 16 21 5 1
480 352 16 16 21 5 1
480 368 16 16 21 5 1
480 384 16 16 21 5 1
480 400 16 16 21 5 1
480 416 15 16 21 5 1
480 432 16 16 21 5 1
496 448 8 16 21 5 1
528 448 16 8 21 5 1
544 448 16 7 21 5 1
560 448 16 16 21 5 0
576 448 16 16 21 5 0
592 448 16 16 21 5 0
608 448 16 16 21 5 0
624 448 16 16 21 5 0
608 432 16 16 21 5 0
608 416 16 16 21 5 0
608 400 16 16 21 5 0
608 384 16 16 21 5 0
608 368 16 16 21 5 0
592 368 16 16 21 5 0
576 368 16 16 21 5 0
560 368 16 16 21 5 0
528 368 16 16 21 5 0
496 368 8 16 21 5 1
496 384 8 16 21 5 1
496 400 8 16 21 5 1
496 416 8 16 21 5 1
496 432 8 16 21 5 1
528 432 16 16 21 5 1
560 432 16 16 21 5 0
576 432 16 16 21 5 0
592 432 16 16 21 5 0
592 416 16 16 21 5 0
592 400 16 16 21 5 0
592 384 16 16 21 5 0
576 384 16 16 21 5 0
560 384 16 16 21 5 0
528 384 16 16 21 5 0
528 416 16 16 21 5 0
560 416 16 16 21 5 0
576 416 16 16 21 5 0
576 400 16 16 21 5 0
560 400 16 16 21 5 0
528 400 16 16 21 5 0
800 240 16 16 21 5 0
784 240 16 16 21 5 0
768 240 16 16 21 5 0
752 240 16 16 21 5 0
736 240 16 16 21 5 0
720 240 8 16 21 5 1
720 224 8 16 21 5 1
720 208 9 16 21 5 1
720 192 8 16 21 5 1
720 176 9 16 21 5 1
720 160 8 16 21 5 1
720 144 7 16 21 5 1
720 128 8 16 21 5 1
720 112 9 16 21 5 1
736 96 16 7 21 5 1
752 96 16 8 21 5 1
768 96 16 8 21 5 1
784 96 16 8 21 5 1
800 96 16 8 21 5 1
800 112 16 16 21 5 1
800 128 16 16 21 5 1
800 144 16 16 21 5 1
800 160 16 16 21 5 1
800 176 16 16 21 5 1
800 192 16 16 21 5 1
800 208 16 16 21 5 1
800 224 16 7 21 5 1
784 224 16 7 21 5 1
768 224 16 16 21 5 0
752 224 16 16 21 5 0
736 224 16 16 21 5 0
736 208 16 16 21 5 0
736 192 16 16 21 5 0
736 176 16 16 21 5 0
736 160 16 16 21 5 0
736 144 16 16 21 5 0
736 128 16 16 21 5 0
736 112 16 16 21 5 0
784 112 16 16 21 5 1
768 112 16 16 21 5 0
752 112 16 16 21 5 0
784 128 16 16 21 5 1
784 144 16 16 21 5 1
784 160 16 16 21 5 1
784 176 16 16 21 5 1
784 192 16 16 21 5 1
784 208 16 16 21 5 1
768 208 16 16 21 5 0
752 208 16 16 21 5 0
752 192 16 16 21 5 0
752 176 16 16 21 5 0
752 160 16 16 21 5 0
752 144 16 16 21 5 0
752 128 16 16 21 5 0
768 160 16 16 21 5 0
768 176 16 16 21 5 0
768 144 16 16 21 5 0
768 128 16 16 21 5 0
768 192 16 16 21 5 0
704 240 16 16 12 12 0
704 224 16 16 12 12 0
704 208 16 16 12 12 0
704 192 16 16 12 12 0
704 176 16 16 12 12 0
704 160 16 16 12 12 0
704 144 16 16 12 12 0
704 128 16 16 12 12 0
704 112 16 16 12 12 0
704 96 6 9 12 12 1
704 80 6 16 12 12 1
704 64 6 10 12 12 1
704 48 6 16 12 12 1
704 32 16 16 12 12 0
704 16 16 7 12 12 1
464 240 9 16 12 12 1
480 240 16 16 12 12 0
496 240 16 16 12 12 0
512 240 16 16 12 12 0
528 240 16 16 12 12 0
544 240 16 16 12 12 0
560 240 16 16 12 12 0
576 240 16 16 12 12 0
592 240 16 16 12 12 0
608 240 16 16 12 12 0
624 240 16 16 12 12 0
640 240 16 16 12 12 0
656 240 16 16 12 12 0
672 240 16 16 12 12 1
688 240 16 16 12 12 0
464 224 8 16 12 12 1
464 208 8 16 12 12 1
464 192 8 16 12 12 1
464 176 7 16 12 12 1
464 160 8 16 12 12 1
464 144 8 16 12 12 1
464 128 8 16 12 12 1
464 112 7 16 12 12 1
464 96 16 16 12 12 0
464 80 16 16 12 12 0
464 64 8 16 12 12 1
464 32 8 16 12 12 1
464 16 16 8 12 12 1
480 16 16 7 12 12 1
528 16 16 8 12 12 1
608 16 16 9 12 12 1
624 16 16 8 12 12 1
640 16 16 8 12 12 1
656 16 16 8 12 12 1
672 16 16 8 12 12 1
688 16 16 8 12 12 1
688 32 16 16 12 12 0
672 32 16 16 12 12 0
656 32 16 16 12 12 0
640 32 16 16 12 12 1
624 32 6 16 12 12 1
608 32 16 16 12 12 1
592 32 16 16 12 12 1
576 32 16 16 12 12 1
560 32 16 16 12 12 1
544 32 16 16 12 12 1
528 32 16 16 12 12 0
512 32 16 16 12 12 1
496 32 16 16 12 12 0
480 32 16 16 12 12 0
480 48 16 16 12 12 0
480 64 16 16 12 12 0
496 64 16 16 12 12 0
512 64 16 16 12 12 0
528 64 16 16 12 12 0
544 64 16 16 12 12 0
560 64 16 16 12 12 0
576 64 16 16 12 12 0
592 64 16 16 12 12 0
608 64 16 16 12 12 0
624 64 16 16 12 12 0
640 64 16 16 12 12 0
656 64 16 16 12 12 0
672 64 16 16 12 12 0
688 64 16 10 12 12 1
688 80 16 16 12 12 1
688 96 16 9 12 12 1
688 112 16 16 12 12 0
688 128 16 16 12 12 0
688 144 16 16 12 12 0
688 160 16 16 12 12 0
688 176 16 16 12 12 0
688 192 16 16 12 12 0
688 208 16 16 12 12 0
688 224 3 16 12 12 1
544 224 16 16 12 12 0
528 224 16 16 12 12 0
512 224 16 16 12 12 0
496 224 16 16 12 12 0
480 224 16 16 12 12 0
480 208 16 16 12 12 0
480 192 16 16 12 12 0
480 176 16 16 12 12 0
480 160 16 16 12 12 0
480 144 16 16 12 12 0
480 128 16 16 12 12 0
480 112 16 16 12 12 0
480 96 16 16 12 12 0
480 80 16 16 12 12 0
496 48 16 16 12 12 0
512 48 16 16 12 12 0
528 48 16 16 12 12 0
544 48 16 12 12 12 1
560 48 16 12 12 12 1
576 48 16 12 12 12 1
592 48 16 12 12 12 1
624 48 6 12 12 12 1
640 48 16 16 12 12 0
656 48 16 16 12 12 0
672 48 16 16 12 12 0
688 48 16 16 12 12 1
672 112 16 16 12 12 0
672 128 16 16 12 12 0
672 144 16 16 12 12 0
672 160 16 16 12 12 0
672 176 16 16 12 12 0
672 192 16 16 12 12 0
672 96 16 16 12 12 0
672 80 16 16 12 12 0
656 80 16 16 12 12 0
640 80 16 16 12 12 0
624 80 16 16 12 12 0
608 80 16 16 12 12 0
592 80 16 16 12 12 0
576 80 16 16 12 12 0
560 80 16 16 12 12 0
544 80 16 16 12 12 0
528 80 16 16 12 12 0
512 80 16 16 12 12 0
496 80 16 16 12 12 0
496 96 16 16 12 12 0
496 112 16 16 12 12 0
496 128 16 16 12 12 0
496 144 16 16 12 12 0
496 160 16 16 12 12 0
496 176 16 16 12 12 0
496 192 16 16 12 12 0
496 208 16 16 12 12 0
512 208 16 16 12 12 0
528 208 16 16 12 12 0
544 208 16 16 12 12 0
656 192 16 16 12 12 0
656 176 16 16 12 12 0
656 160 16 16 12 12 0
656 144 16 16 12 12 0
656 128 16 16 12 12 0
656 112 16 16 12 12 0
656 96 16 16 12 12 0
640 96 16 16 12 12 0
624 96 16 16 12 12 0
608 96 16 16 12 12 0
592 96 16 16 12 12 0
576 96 16 16 12 12 0
560 96 16 16 12 12 0
544 96 16 16 12 12 0
528 96 16 16 12 12 0
512 96 16 16 12 12 0
512 128 16 16 12 12 0
512 144 16 16 12 12 0
512 160 16 16 12 12 0
512 176 16 16 12 12 0
512 192 16 16 12 12 0
528 192 16 16 12 12 0
544 192 16 16 12 12 0
560 192 16 16 12 12 0
576 192 16 16 12 12 0
592 192 16 16 12 12 0
608 192 16 16 12 12 0
624 192 16 16 12 12 0
640 192 16 16 12 12 0
640 176 16 16 12 12 0
640 160 16 16 12 12 0
640 144 16 16 12 12 0
640 128 16 16 12 12 0
640 112 16 16 12 12 0
592 112 16 16 12 12 1
576 112 16 16 12 12 1
560 112 16 16 12 12 1
544 112 16 16 12 12 0
528 112 16 16 12 12 0
528 144 16 16 12 12 0
528 160 16 16 12 12 0
528 176 16 16 12 12 0
528 128 16 16 12 12 0
624 112 4 16 12 12 1
624 144 16 16 12 12 0
624 160 16 16 12 12 0
624 176 16 16 12 12 0
608 176 16 16 12 12 0
592 176 16 16 12 12 0
576 176 16 16 12 12 0
560 176 16 16 12 12 0
544 176 16 16 12 12 0
544 160 16 16 12 12 0
544 144 16 16 12 12 0
544 128 16 16 12 12 0
560 128 16 16 12 12 1
624 128 4 16 12 12 1
592 128 16 16 12 12 1
576 128 16 16 12 12 1
576 144 16 16 12 12 0
560 144 16 16 12 12 0
560 160 16 16 12 12 0
576 160 16 16 12 12 0
592 160 16 16 12 12 0
608 160 16 16 12 12 0
608 144 16 16 12 12 0
592 144 16 16 12 12 0
272 304 16 16 5 28 1
288 304 16 16 5 28 0
304 304 16 16 5 28 0
320 304 16 16 5 28 0
336 304 16 16 5 28 0
352 304 16 16 5 28 0
448 256 16 16 5 28 0
448 272 16 16 5 28 0
448 288 16 16 5 28 0
448 304 16 16 5 28 0
432 304 16 16 5 28 0
416 304 16 16 5 28 0
400 304 16 16 5 28 0
384 304 16 16 5 28 0
368 304 16 16 5 28 0
384 240 16 16 16 15 0
384 224 16 16 16 15 0
384 208 16 16 16 15 0
384 192 16 16 16 15 0
384 176 16 16 16 15 0
384 160 16 16 16 15 0
384 144 16 16 16 15 0
384 128 16 16 16 15 0
384 112 16 16 16 15 0
384 96 16 8 16 15 1
368 96 16 8 16 15 1
352 96 16 8 16 15 1
336 96 16 8 16 15 1
320 96 16 8 16 15 1
304 96 16 8 16 15 1
288 96 16 8 16 15 1
272 96 16 8 16 15 1
256 96 16 8 16 15 1
240 96 16 8 16 15 1
240 112 8 16 16 15 1
240 128 8 16 16 15 1
240 144 8 16 16 15 1
240 160 8 16 16 15 1
240 176 8 16 16 15 1
240 192 8 16 16 15 1
240 208 8 16 16 15 1
240 224 8 16 16 15 1
240 240 8 16 16 15 1
256 240 16 16 16 15 0
272 240 16 16 16 15 0
288 240 16 16 16 15 0
304 240 16 16 16 15 0
368 240 16 16 16 15 0
320 240 16 16 16 15 0
320 224 16 16 16 15 0
304 208 16 16 16 15 0
288 208 16 16 16 15 0
272 208 16 16 16 15 0
256 208 16 16 16 15 1
256 224 16 16 16 15 0
272 224 16 16 16 15 0
288 224 16 16 16 15 0
304 224 16 16 16 15 0
368 224 16 16 16 15 0
368 208 16 16 16 15 0
368 192 16 16 16 15 0
368 176 16 16 16 15 0
368 160 16 16 16 15 0
368 144 16 16 16 15 0
368 128 16 16 16 15 0
368 112 16 16 16 15 0
352 112 16 16 16 15 0
336 112 16 16 16 15 0
320 112 16 16 16 15 1
304 112 16 16 16 15 1
272 112 16 16 16 15 0
256 112 16 16 16 15 0
256 128 16 16 16 15 0
256 144 16 16 16 15 0
256 160 16 16 16 15 0
256 176 16 16 16 15 0
256 192 16 16 16 15 0
352 240 16 16 20 18 0
352 224 16 16 20 18 0
352 208 16 16 20 18 0
352 192 16 16 20 18 0
352 176 16 16 20 18 0
352 160 16 16 20 18 0
272 128 16 16 20 18 0
288 128 16 16 20 18 1
304 128 16 16 20 18 1
320 128 16 16 20 18 1
336 128 16 16 20 18 0
352 128 16 16 20 18 0
336 144 16 16 20 18 0
320 144 16 16 20 18 1
304 144 16 16 20 18 1
288 144 16 16 20 18 1
272 144 16 16 20 18 0
272 160 16 16 20 18 0
272 176 16 16 20 18 0
272 192 16 16 20 18 0
288 192 16 16 20 18 0
304 192 16 16 20 18 0
320 192 16 16 20 18 0
320 176 16 14 20 18 1
336 176 16 16 20 18 0
336 160 16 16 20 18 0
352 144 16 16 20 18 0
320 160 16 16 20 18 1
304 176 16 14 20 18 1
304 160 16 16 20 18 1
288 160 16 16 20 18 1
288 176 16 14 20 18 1
336 192 16 16 20 18 0
336 208 16 16 20 18 0
336 224 16 16 20 18 0
336 240 16 16 20 18 0
448 48 16 8 11 17 1
448 64 16 16 11 17 0
448 80 16 16 11 17 0
448 96 16 16 11 17 0
448 112 16 16 11 17 0
448 128 16 16 11 17 0
448 144 16 16 11 17 0
448 160 16 16 11 17 0
448 176 16 16 11 17 0
448 192 16 16 11 17 0
448 208 16 16 11 17 0
448 224 16 16 11 17 0
448 240 16 16 11 17 0
448 256 16 16 11 17 0
448 288 16 16 11 17 0
448 272 16 16 11 17 0
448 304 16 16 11 17 0
432 304 16 16 11 17 0
416 304 16 16 11 17 0
400 304 16 16 11 17 0
384 304 16 16 11 17 0
368 304 16 16 11 17 0
352 304 16 16 11 17 0
336 304 16 16 11 17 0
320 304 16 16 11 17 0
304 304 16 16 11 17 0
288 304 16 16 11 17 0
272 304 16 16 11 17 1
272 272 16 16 0 16 1
272 288 16 16 0 16 1
288 256 16 8 0 16 1
304 256 16 8 0 16 1
320 256 16 8 0 16 1
336 256 16 16 0 16 0
352 256 16 16 0 16 0
368 256 16 8 0 16 1
384 256 16 8 0 16 1
400 256 8 8 0 16 1
400 240 8 16 0 16 1
400 224 8 16 0 16 1
400 208 8 16 0 16 1
400 192 8 16 0 16 1
400 176 8 16 0 16 1
400 160 8 16 0 16 1
400 144 8 16 0 16 1
400 128 8 16 0 16 1
400 112 8 16 0 16 1
400 80 8 16 0 16 1
400 64 8 16 0 16 1
400 48 16 8 0 16 1
416 48 16 8 0 16 1
432 48 16 8 0 16 1
432 64 16 16 0 16 0
416 64 16 16 0 16 0
416 80 16 16 0 16 0
432 80 16 16 0 16 0
432 96 16 16 0 16 0
432 112 16 16 0 16 0
432 128 16 16 0 16 0
432 144 16 16 0 16 0
432 160 16 16 0 16 0
432 176 16 16 0 16 0
432 192 16 16 0 16 0
432 208 16 16 0 16 0
432 224 16 16 0 16 0
432 240 16 16 0 16 0
432 256 16 16 0 16 0
432 272 16 16 0 16 0
416 272 16 16 0 16 0
416 288 16 16 0 16 0
400 288 16 16 0 16 0
384 288 16 16 0 16 0
368 288 16 16 0 16 0
352 288 16 16 0 16 0
336 288 16 16 0 16 0
320 288 16 16 0 16 0
304 288 16 16 0 16 0
288 288 16 16 0 16 0
288 272 16 16 0 16 0
320 272 16 16 0 16 0
336 272 16 16 0 16 0
352 272 16 16 0 16 0
368 272 16 16 0 16 0
384 272 16 16 0 16 0
400 272 16 16 0 16 0
416 256 16 16 0 16 0
416 240 16 16 0 16 0
416 224 16 16 0 16 0
416 208 16 16 0 16 0
416 192 16 16 0 16 0
416 176 16 16 0 16 0
416 160 16 16 0 16 0
416 144 16 16 0 16 0
416 128 16 16 0 16 0
416 112 16 16 0 16 0
416 96 16 16 0 16 0
432 288 16 16 0 16 0
304 272 16 16 0 16 0
464 16 16 8 26 15 1
480 16 16 7 26 15 1
528 16 16 8 26 15 1
624 16 16 8 26 15 1
640 16 16 8 26 15 1
688 16 16 8 26 15 1
704 16 16 7 26 15 1
720 16 8 16 26 18 1
720 32 8 16 26 18 1
720 48 8 16 26 18 1
720 64 8 16 26 18 1
720 80 8 16 26 18 1
736 96 16 7 26 15 1
784 96 16 8 26 15 1
800 96 16 8 26 15 1
816 96 8 16 26 18 1
816 112 8 16 26 18 1
816 128 9 16 26 18 1
816 144 9 16 26 18 1
816 160 8 16 26 18 1
816 176 8 16 26 18 1
816 192 8 16 26 18 1
816 208 8 16 26 18 1
816 224 8 16 26 18 1
816 240 7 16 26 18 1
816 256 8 16 26 18 1
816 272 8 16 26 18 1
816 288 8 16 26 18 1
816 304 7 16 26 18 1
816 320 8 16 26 18 1
816 336 8 16 26 18 1
816 352 8 16 26 18 1
816 368 9 16 26 18 1
816 384 8 16 26 18 1
816 400 8 16 26 18 1
816 416 8 16 26 18 1
800 432 16 8 26 15 1
784 432 16 8 26 15 1
736 432 16 8 26 15 1
720 432 16 8 26 15 1
672 432 16 8 26 15 1
656 432 16 9 26 15 1
656 448 8 16 26 18 1
656 432 16 9 26 18 1
656 464 8 16 26 18 1
640 480 16 8 26 15 1
624 480 16 8 26 15 1
608 480 16 8 26 15 1
592 480 16 8 26 15 1
496 480 16 8 26 15 1
512 480 16 8 26 15 1
480 480 16 8 26 15 1
464 480 16 8 26 15 1
448 480 16 8 26 15 1
432 480 16 8 26 15 1
368 480 8 16 26 15 1
384 480 16 8 26 15 1
368 480 8 16 26 18 1
368 496 8 16 26 18 1
208 512 16 8 26 15 1
224 512 16 8 26 15 1
240 512 16 8 26 15 1
256 512 16 8 26 15 1
272 512 16 8 26 15 1
288 512 16 8 26 15 1
304 512 16 8 26 15 1
320 512 16 8 26 15 1
336 512 16 8 26 15 1
352 512 16 8 26 15 1
208 336 8 16 26 18 1
208 384 8 16 26 18 1
208 400 8 16 26 18 1
208 416 8 16 26 18 1
208 432 8 16 26 18 1
208 496 8 16 26 18 1
224 320 16 8 26 15 1
240 320 16 8 26 15 1
256 320 16 8 26 15 1
272 304 16 16 26 19 1
272 288 16 16 26 19 1
272 272 16 16 26 19 1
240 240 8 16 26 19 1
240 224 8 16 26 19 1
240 208 8 16 26 19 1
240 192 8 16 26 19 1
240 176 8 16 26 19 1
240 160 8 16 26 19 1
240 144 8 16 26 19 1
240 128 8 16 26 19 1
240 112 8 16 26 19 1
240 96 16 8 26 19 1
240 96 16 8 26 15 1
256 96 16 8 26 15 1
272 96 16 8 26 15 1
288 96 16 8 26 15 1
304 96 16 8 26 15 1
320 96 16 8 26 15 1
336 96 16 8 26 15 1
352 96 16 8 26 15 1
368 96 16 8 26 15 1
384 96 16 8 26 15 1
400 48 16 8 26 15 1
416 48 16 8 26 15 1
432 48 16 8 26 15 1
448 48 16 8 26 15 1
400 48 16 8 26 18 1
400 64 8 16 26 18 1
400 80 8 16 26 18 1
464 16 16 8 26 18 1
464 32 8 16 26 18 1
208 352 8 16 22 9 1
208 368 8 16 22 9 1
208 320 8 16 22 9 1
208 448 8 16 22 9 1
208 320 8 16 26 15 1
208 320 8 16 26 18 1
496 16 16 8 12 12 1
512 16 16 9 12 12 1
560 16 16 8 12 12 1
576 16 16 9 12 12 1
592 16 16 10 12 12 1
496 16 16 8 30 15 1
512 16 16 9 31 15 1
576 16 16 9 31 15 1
608 16 16 9 31 15 1
672 16 16 8 31 15 1
768 96 16 8 31 15 1
752 96 16 8 30 15 1
656 16 16 8 30 15 1
592 16 16 10 30 15 1
560 16 16 8 30 15 1
752 432 16 9 30 16 1
688 432 16 9 30 16 1
560 480 16 9 30 16 1
528 480 16 9 30 16 1
768 432 16 9 31 16 1
704 432 16 9 31 16 1
576 480 16 9 31 16 1
544 480 16 9 31 16 1
208 368 8 16 30 19 1
208 464 8 16 22 9 1
208 480 7 16 22 9 1
208 352 8 16 30 18 1
208 448 8 16 30 18 1
208 464 8 16 30 19 1
208 480 7 16 26 18 1
240 256 16 8 26 15 1
256 256 16 8 26 15 1
400 48 16 8 26 20 1
464 16 16 8 26 20 1
720 16 8 16 26 20 1
816 96 8 16 26 20 1
816 432 8 8 26 20 1
656 480 8 9 26 20 1
656 432 16 9 26 20 1
464 480 16 8 26 20 1
432 480 16 8 26 20 1
368 480 8 16 26 20 1
368 512 8 8 26 20 1
208 512 16 8 26 20 1
208 320 8 16 26 20 1
240 256 16 8 26 20 1
240 96 16 8 26 20 1
464 464 9 16 28 18 1
464 448 7 16 28 18 1
464 432 9 16 28 18 1
464 416 8 16 28 18 1
464 400 9 16 28 18 1
464 384 7 16 28 18 1
464 368 7 16 28 18 1
464 352 8 16 28 18 1
464 336 8 16 28 18 1
464 320 16 8 28 18 1
640 320 16 9 28 15 1
624 320 16 8 28 15 1
608 320 16 7 28 15 1
592 320 16 7 28 15 1
544 320 16 8 28 15 1
528 320 16 8 28 15 1
512 320 16 7 28 15 1
496 320 16 7 28 15 1
480 320 16 8 28 15 1
464 320 16 8 28 15 1
656 320 8 16 28 18 1
656 336 8 16 28 18 1
656 352 7 16 28 18 1
656 368 8 16 28 18 1
656 384 8 16 28 18 1
656 400 8 16 28 18 1
656 416 8 16 28 18 1
400 96 8 16 0 16 1
480 448 16 16 21 5 1
480 464 16 16 21 5 1
400 96 8 16 28 18 1
400 112 8 16 28 18 1
400 128 8 16 28 18 1
400 144 8 16 28 18 1
400 160 8 16 28 18 1
400 176 8 16 28 18 1
400 192 8 16 28 18 1
400 208 8 16 28 18 1
400 224 8 16 28 18 1
400 240 8 16 28 18 1
288 256 16 8 28 15 1
304 256 16 8 28 15 1
320 256 16 8 28 15 1
368 256 16 8 28 15 1
384 256 16 8 28 15 1
464 256 16 8 28 15 1
480 256 16 8 28 15 1
496 256 16 8 28 15 1
512 256 16 8 28 15 1
528 256 16 8 28 15 1
544 256 16 8 28 15 1
560 256 16 8 28 15 1
576 256 16 8 28 15 1
592 256 16 8 28 15 1
608 256 16 8 28 15 1
624 256 16 8 28 15 1
640 256 16 8 28 15 1
656 256 16 8 28 15 1
672 256 16 8 28 15 1
688 256 16 8 28 15 1
704 256 16 8 28 15 1
720 240 8 16 28 18 1
720 224 8 16 28 18 1
720 208 9 16 28 18 1
720 192 8 16 28 18 1
720 176 9 16 28 18 1
720 160 8 16 28 18 1
720 144 7 16 28 18 1
720 128 8 16 28 18 1
720 112 9 16 28 18 1
720 96 8 16 21 5 1
720 96 8 16 28 18 1
720 96 8 16 26 15 1
720 96 8 16 26 20 1
400 96 8 16 26 20 1
400 256 8 8 28 20 1
368 256 16 8 28 20 1
272 256 16 8 0 16 1
272 256 16 8 28 15 1
272 256 16 8 26 19 1
272 256 16 8 26 20 1
720 256 8 8 28 20 1
656 320 8 16 28 20 1
464 320 16 8 28 20 1
592 320 16 7 28 20 1
464 240 9 16 28 18 1
464 224 8 16 28 18 1
464 208 8 16 28 18 1
464 192 8 16 28 18 1
464 176 7 16 28 18 1
464 160 8 16 28 18 1
464 144 8 16 28 18 1
464 128 8 16 28 18 1
464 48 8 16 12 12 1
464 48 8 16 28 18 1
464 64 8 16 28 18 1
464 112 7 16 28 18 1
464 48 8 16 26 20 1
464 112 7 16 28 20 1
320 208 16 16 16 15 0
288 112 16 16 16 15 1
288 112 16 16 13 28 1
288 128 16 16 13 29 1
288 144 16 16 13 30 1
288 160 16 16 13 31 1
288 176 16 14 13 32 1
304 176 16 14 14 32 1
320 176 16 14 15 32 1
320 160 16 16 15 31 1
320 144 16 16 15 30 1
320 128 16 16 15 29 1
320 112 16 16 15 28 1
304 112 16 16 14 28 1
304 128 16 16 14 30 1
304 144 16 16 14 30 1
304 160 16 16 14 30 1
336 112 16 16 16 28 0
336 128 16 16 16 29 0
336 144 16 16 16 30 0
336 160 16 16 16 31 0
336 176 16 16 16 32 0
256 208 16 16 15 26 1
272 208 16 16 16 26 0
800 112 16 16 18 24 1
784 112 16 16 17 24 1
784 128 16 16 17 25 1
800 128 16 16 18 25 1
784 144 16 16 9 31 1
784 160 16 16 9 32 1
800 144 16 16 10 31 1
800 160 16 16 10 32 1
784 176 16 16 9 29 1
800 176 16 16 10 29 1
784 192 16 16 9 30 1
800 192 16 16 10 30 1
784 208 16 16 7 33 1
800 208 16 16 8 33 1
784 224 16 7 7 34 1
800 224 16 7 8 34 1
496 448 8 16 2 15 1
496 432 8 16 2 15 1
496 416 8 16 2 15 1
496 400 8 16 2 15 1
496 384 8 16 2 15 1
496 368 8 16 2 15 1
496 352 8 16 2 15 1
528 448 16 8 2 15 1
528 432 16 16 2 15 1
528 416 16 16 2 15 0
528 400 16 16 2 15 0
528 384 16 16 2 15 0
528 368 16 16 2 15 0
528 352 16 16 2 15 0
560 448 16 16 2 15 0
560 432 16 16 2 15 0
560 416 16 16 2 15 0
560 400 16 16 2 15 0
560 384 16 16 2 15 0
560 368 16 16 2 15 0
560 352 16 16 2 15 0
592 448 16 16 2 15 0
592 432 16 16 2 15 0
592 416 16 16 2 15 0
592 400 16 16 2 15 0
592 384 16 16 2 15 0
592 368 16 16 2 15 0
592 352 16 16 2 15 0
544 448 16 7 0 17 1
544 432 16 16 0 17 1
544 416 16 16 0 17 0
544 400 16 16 0 17 0
544 384 16 16 0 17 0
544 368 16 16 0 17 0
544 352 16 16 0 17 0
512 352 16 16 0 17 0
512 368 16 16 0 17 0
512 384 16 16 0 17 0
512 400 16 16 0 17 0
512 416 16 16 0 17 0
512 432 16 16 0 17 1
512 448 16 8 0 17 1
576 448 16 16 0 17 0
576 432 16 16 0 17 0
576 416 16 16 0 17 0
576 400 16 16 0 17 0
576 384 16 16 0 17 0
576 368 16 16 0 17 0
576 352 16 16 0 17 0
608 352 16 16 4 5 0
608 368 16 16 4 5 0
608 384 16 16 4 5 0
608 400 16 16 4 5 0
608 416 16 16 4 5 0
608 432 16 16 4 5 0
608 448 16 16 4 5 0
480 352 16 16 5 5 1
480 368 16 16 5 5 1
480 384 16 16 5 5 1
480 400 16 16 5 5 1
480 416 15 16 5 5 1
480 432 16 16 5 5 1
480 448 16 16 5 5 1
480 464 16 16 11 31 1
480 448 16 16 11 30 1
480 432 16 16 11 29 1
480 416 15 16 11 28 1
496 416 8 16 12 28 1
496 432 8 16 12 29 1
496 448 8 16 12 30 1
496 464 8 16 12 31 1
480 384 16 16 7 29 1
496 384 8 16 8 29 1
480 400 16 16 7 30 1
496 400 8 16 8 30 1
496 368 8 16 8 30 1
480 352 16 16 7 29 1
496 352 8 16 8 29 1
480 368 16 16 7 30 1
512 432 16 16 19 27 1
528 432 16 16 20 27 1
544 432 16 16 21 27 1
544 448 16 7 21 28 1
528 448 16 8 20 28 1
512 448 16 8 19 28 1
240 464 16 16 3 16 0
240 448 16 16 3 16 0
240 432 16 16 3 16 0
240 416 16 16 3 16 0
240 400 16 16 3 16 0
240 384 16 16 3 16 0
240 368 16 16 3 16 0
240 352 16 8 3 16 1
256 352 16 8 3 16 1
272 352 16 8 3 16 1
288 352 16 16 3 16 0
304 352 16 7 3 16 1
320 352 16 8 3 16 1
320 368 16 16 3 16 0
320 384 16 16 3 16 0
320 400 16 16 3 16 0
320 416 16 16 3 16 0
288 464 16 16 3 16 0
272 464 16 16 3 16 0
256 464 16 16 3 16 0
256 368 16 16 1 14 1
272 368 16 16 1 14 1
288 368 16 16 1 14 1
304 368 16 16 1 14 0
304 384 16 16 1 14 0
304 400 16 16 1 14 0
304 416 16 16 1 14 0
288 448 16 16 1 14 0
272 448 16 16 1 14 0
256 448 16 16 1 14 0
256 432 16 16 1 14 0
256 416 16 16 1 14 0
256 384 16 7 1 14 1
288 384 16 7 6 15 1
272 384 16 7 6 15 1
272 416 16 16 6 15 0
272 432 16 16 6 15 0
288 416 16 16 6 15 0
288 400 16 16 6 15 0
288 432 16 16 6 15 0
240 480 16 16 7 5 0
256 480 16 16 7 5 0
272 480 16 16 7 5 0
288 480 16 16 7 5 0
240 336 16 16 22 9 1
256 336 16 16 22 9 1
240 336 16 16 6 5 1
256 336 16 16 6 5 1
272 336 16 16 6 5 1
288 336 16 16 6 5 0
304 336 16 16 6 5 1
320 336 16 16 6 5 1
368 464 8 16 28 18 1
368 448 7 16 28 18 1
368 432 8 16 28 18 1
368 416 8 16 28 18 1
368 368 8 16 28 18 1
368 352 8 16 28 18 1
368 336 8 16 28 18 1
368 320 8 16 28 18 1
272 320 16 8 22 9 1
272 320 16 8 28 15 1
288 320 16 8 28 15 1
304 320 16 8 28 15 1
320 320 16 8 28 15 1
336 320 16 8 28 15 1
352 320 16 8 28 15 1
272 320 16 8 26 20 1
368 320 8 16 28 20 1
368 416 8 16 28 20 1
224 336 16 16 11 26 1
240 336 16 16 12 26 1
256 336 16 16 13 26 1
272 336 16 16 14 26 1
272 352 16 8 14 27 1
256 352 16 8 13 27 1
240 352 16 8 12 27 1
224 352 16 8 11 27 1
304 352 16 7 11 27 1
304 336 16 16 11 26 1
320 336 16 16 12 26 1
336 336 16 16 13 26 1
352 336 16 16 14 26 1
352 352 16 8 14 27 1
336 352 16 8 13 27 1
320 352 16 8 12 27 1
336 432 16 16 22 9 0
352 432 16 16 22 9 0
352 448 16 16 22 9 1
352 464 16 16 22 9 1
352 480 16 16 22 9 1
336 480 16 16 22 9 1
320 480 16 16 22 9 1
304 480 16 16 22 9 1
336 448 16 16 22 9 1
336 464 16 16 22 9 1
304 432 16 16 1 14 0
304 448 16 16 1 14 1
304 464 16 16 3 16 1
320 464 16 16 3 16 1
320 432 16 16 3 16 0
320 448 16 16 3 16 1
304 480 16 16 3 6 1
320 480 16 16 3 6 1
352 496 16 16 10 28 1
336 496 16 16 9 28 1
320 496 16 16 8 28 1
304 496 16 16 7 28 1
304 480 16 16 7 27 1
304 464 16 16 7 26 1
304 448 16 16 7 25 1
320 448 16 16 8 25 1
336 448 16 16 9 25 1
352 448 16 16 10 25 1
352 464 16 16 10 26 1
352 480 16 16 10 27 1
336 480 16 16 9 27 1
320 480 16 16 8 27 1
320 464 16 16 8 26 1
336 464 16 16 9 26 1
256 368 16 16 19 27 1
272 368 16 16 20 27 1
288 368 16 16 21 27 1
288 384 16 7 21 28 1
272 384 16 7 20 28 1
256 384 16 7 19 28 1
256 368 16 16 17 22 1
272 368 16 16 18 22 1
256 384 16 7 17 23 1
272 384 16 7 18 23 1
272 400 16 16 6 15 0
256 400 16 16 1 14 0
496 48 16 16 1 14 0
512 48 16 16 1 14 0
528 48 16 16 1 14 0
544 48 16 12 1 14 1
544 64 16 16 1 14 0
544 80 16 16 1 14 0
544 96 16 16 1 14 0
528 96 16 16 1 14 0
512 96 16 16 1 14 0
496 96 16 16 1 14 0
496 80 16 16 1 14 0
496 64 16 16 1 14 0
624 48 6 12 1 14 1
640 48 16 16 1 14 0
656 48 16 16 1 14 0
672 48 16 16 1 14 0
672 64 16 16 1 14 0
672 80 16 16 1 14 0
672 96 16 16 1 14 0
656 96 16 16 1 14 0
640 96 16 16 1 14 0
624 96 16 16 1 14 0
624 80 16 16 1 14 0
624 64 16 16 1 14 0
640 64 16 16 6 15 0
656 64 16 16 6 15 0
656 80 16 16 6 15 0
640 80 16 16 6 15 0
512 64 16 16 6 15 0
528 64 16 16 6 15 0
528 80 16 16 6 15 0
512 80 16 16 6 15 0
560 48 16 12 6 15 1
576 48 16 12 6 15 1
592 48 16 12 6 15 1
592 64 16 16 6 15 0
592 80 16 16 6 15 0
608 80 16 16 6 15 0
608 96 16 16 6 15 0
592 96 16 16 6 15 0
576 96 16 16 6 15 0
560 96 16 16 6 15 0
560 80 16 16 6 15 0
560 64 16 16 6 15 0
576 80 16 16 6 15 0
576 64 16 16 6 15 0
608 64 16 16 6 15 0
560 112 16 16 6 15 1
560 128 16 16 6 15 1
560 144 16 16 6 15 0
560 160 16 16 6 15 0
560 176 16 16 6 15 0
560 192 16 16 6 15 0
608 192 16 16 6 15 0
608 176 16 16 6 15 0
608 160 16 16 6 15 0
608 144 16 16 6 15 0
592 112 16 16 6 15 1
576 112 16 16 6 15 1
592 128 16 16 6 15 1
592 144 16 16 6 15 0
576 144 16 16 6 15 0
576 128 16 16 6 15 1
592 160 16 16 6 15 0
592 176 16 16 6 15 0
592 192 16 16 6 15 0
576 192 16 16 6 15 0
576 176 16 16 6 15 0
576 160 16 16 6 15 0
672 112 16 16 1 14 0
672 128 16 16 1 14 0
672 192 16 16 1 14 0
672 176 16 16 1 14 0
672 160 16 16 1 14 0
672 144 16 16 1 14 0
624 144 16 16 1 14 0
640 144 16 16 1 14 0
656 144 16 16 1 14 0
624 128 4 16 1 14 1
624 112 4 16 1 14 1
608 112 16 16 6 15 1
640 112 16 16 2 14 0
656 112 16 16 2 14 0
656 128 16 16 2 14 0
640 128 16 16 2 14 0
512 112 16 16 2 14 0
528 112 16 16 2 14 0
528 128 16 16 2 14 0
512 128 16 16 2 14 0
640 160 16 16 6 15 0
656 160 16 16 6 15 0
656 176 16 16 6 15 0
640 176 16 16 6 15 0
512 160 16 16 6 15 0
528 160 16 16 6 15 0
528 176 16 16 6 15 0
512 176 16 16 6 15 0
496 112 16 16 1 14 0
496 128 16 16 1 14 0
496 144 16 16 1 14 0
512 144 16 16 1 14 0
528 144 16 16 1 14 0
544 144 16 16 1 14 0
544 128 16 16 1 14 0
544 112 16 16 1 14 0
496 160 16 16 1 14 0
496 176 16 16 1 14 0
496 192 16 16 1 14 0
512 192 16 16 1 14 0
528 192 16 16 1 14 0
544 192 16 16 1 14 0
544 176 16 16 1 14 0
544 160 16 16 1 14 0
624 160 16 16 1 14 0
624 176 16 16 1 14 0
624 192 16 16 1 14 0
640 192 16 16 1 14 0
656 192 16 16 1 14 0
560 208 16 16 12 12 0
576 208 16 16 12 12 0
592 208 16 16 12 12 0
608 208 16 16 12 12 0
624 208 16 16 12 12 0
640 208 16 16 12 12 0
656 208 16 16 12 12 0
672 208 16 16 12 12 1
560 224 16 16 12 12 0
576 224 16 16 12 12 0
592 224 16 16 12 12 1
608 224 11 16 12 12 1
624 224 16 16 12 12 0
640 224 16 16 12 12 0
656 224 16 16 12 12 1
672 224 16 16 12 12 1
560 112 16 16 12 22 1
576 112 16 16 13 22 1
592 112 16 16 14 22 1
608 112 16 16 15 22 1
624 112 4 16 16 22 1
624 128 4 16 16 23 1
608 128 16 16 15 23 1
592 128 16 16 14 23 1
576 128 16 16 13 23 1
560 128 16 16 12 23 1
544 16 16 7 12 12 1
544 16 16 7 26 15 1
544 32 16 16 19 22 1
560 32 16 16 20 22 1
576 32 16 16 21 22 1
592 32 16 16 22 22 1
608 32 16 16 23 22 1
624 32 6 16 24 22 1
624 48 6 12 24 23 1
608 48 16 12 6 15 1
608 48 16 12 23 23 1
592 48 16 12 22 23 1
576 48 16 12 21 23 1
560 48 16 12 20 23 1
544 48 16 12 19 23 1
672 240 16 16 18 30 1
672 224 16 16 18 29 1
672 208 16 16 18 28 1
688 224 3 16 19 29 1
656 224 16 16 17 29 1
608 224 11 16 18 31 1
592 224 16 16 17 31 1
704 48 6 16 18 26 1
688 48 16 16 17 26 1
688 64 16 10 17 27 1
704 64 6 10 18 27 1
688 80 16 16 17 26 1
704 80 6 16 18 26 1
688 96 16 9 17 27 1
704 96 6 9 18 27 1
512 32 16 16 12 24 1
640 32 16 16 12 24 1
640 48 16 16 12 25 0
512 48 16 16 12 25 0
720 320 16 16 28 18 1
720 336 16 16 28 18 1
752 320 8 16 28 18 1
752 336 8 16 28 18 1
720 320 16 16 28 15 1
736 320 16 16 28 15 1
720 352 16 8 28 15 1
736 352 16 8 28 15 1
752 352 9 8 28 20 1
752 320 8 16 28 20 1
720 352 16 8 28 20 1
720 320 16 16 28 20 1